Linux 2.6.32-71.el6.i686 (xx) 	2015年09月25日 	_i686_	(2 CPU)

20时18分20秒  CPU    %usr   %nice    %sys %iowait    %irq   %soft  %steal  %guest   %idle
20时18分21秒    0    2.00    5.00   93.00    0.00    0.00    0.00    0.00    0.00    0.00
20时18分22秒    0    0.00    6.00   93.00    0.00    0.00    0.00    0.00    0.00    1.00
20时18分23秒    0    5.94    0.00    9.90    0.99    0.00    0.00    0.00    0.00   83.17
20时18分24秒    0   11.11    0.00    3.03    1.01    0.00    0.00    0.00    0.00   84.85
20时18分25秒    0    4.04    0.00    4.04    0.00    0.00    1.01    0.00    0.00   90.91
20时18分26秒    0    5.00    0.00    1.00    0.00    0.00    0.00    0.00    0.00   94.00
20时18分27秒    0    4.95    0.00    1.98    0.00    0.00    0.00    0.00    0.00   93.07
20时18分28秒    0    3.03    0.00    1.01    1.01    0.00    0.00    0.00    0.00   94.95
20时18分29秒    0    0.00    3.96   83.17    1.98    0.00    0.00    0.00    0.00   10.89
20时18分30秒    0    8.91    0.99   13.86    0.00    0.00    0.00    0.00    0.00   76.24
20时18分31秒    0    2.00    4.00   81.00    0.00    0.00    0.00    0.00    0.00   13.00
20时18分32秒    0    1.00    5.00   92.00    0.00    0.00    0.00    0.00    0.00    2.00
20时18分33秒    0    1.01    1.01   22.22    0.00    0.00    0.00    0.00    0.00   75.76
20时18分34秒    0    1.00    4.00   77.00    1.00    0.00    0.00    0.00    0.00   17.00
20时18分35秒    0    3.00    1.00   22.00    0.00    0.00    0.00    0.00    0.00   74.00
20时18分36秒    0    2.02    4.04   73.74   13.13    0.00    0.00    0.00    0.00    7.07
20时18分37秒    0   12.00    1.00   24.00    0.00    0.00    0.00    0.00    0.00   63.00
20时18分38秒    0    3.00    4.00   71.00    0.00    0.00    0.00    0.00    0.00   22.00
20时18分39秒    0    6.00    1.00   27.00    0.00    0.00    0.00    0.00    0.00   66.00
20时18分40秒    0    4.95    0.00    2.97    0.99    0.00    0.00    0.00    0.00   91.09
20时18分41秒    0    8.91    0.00    6.93    0.99    0.00    0.99    0.00    0.00   82.18
20时18分42秒    0   20.00    1.00    7.00    1.00    0.00    0.00    0.00    0.00   71.00
20时18分43秒    0   10.10    0.00    4.04    0.00    0.00    0.00    0.00    0.00   85.86
20时18分44秒    0    3.00    5.00   63.00    1.00    0.00    0.00    0.00    0.00   28.00
20时18分45秒    0    0.00    8.08   90.91    0.00    1.01    0.00    0.00    0.00    0.00
20时18分46秒    0    2.94    4.90   87.25    0.00    0.00    0.00    0.00    0.00    4.90
20时18分47秒    0    1.02    5.10   92.86    0.00    0.00    0.00    0.00    0.00    1.02
20时18分48秒    0    1.00    6.00   93.00    0.00    0.00    0.00    0.00    0.00    0.00
20时18分49秒    0    2.97    4.95   89.11    0.00    0.00    0.00    0.00    0.00    2.97
20时18分50秒    0    6.00    1.00   12.00    0.00    0.00    0.00    0.00    0.00   81.00
20时18分51秒    0    7.00    0.00    1.00    0.00    0.00    0.00    0.00    0.00   92.00
20时18分52秒    0    5.00    0.00    7.00    1.00    0.00    0.00    0.00    0.00   87.00
20时18分53秒    0    5.00    3.00   45.00    0.00    0.00    0.00    0.00    0.00   47.00
20时18分54秒    0    7.00    2.00   47.00    0.00    0.00    0.00    0.00    0.00   44.00
20时18分55秒    0    5.05    1.01   38.38    2.02    0.00    0.00    0.00    0.00   53.54
20时18分56秒    0    4.95    0.99    3.96    0.00    0.00    0.00    0.00    0.00   90.10
20时18分57秒    0    6.93    0.99    3.96    0.99    0.00    0.00    0.00    0.00   87.13
20时18分58秒    0    4.00    0.00    3.00    1.00    0.00    0.00    0.00    0.00   92.00
20时18分59秒    0    6.06    1.01   35.35    1.01    0.00    0.00    0.00    0.00   56.57
20时19分00秒    0    4.00    1.00   10.00    1.00    0.00    0.00    0.00    0.00   84.00
20时19分01秒    0    6.93    0.00    3.96    0.99    0.00    0.00    0.00    0.00   88.12
20时19分02秒    0    8.00    0.00    2.00    0.00    0.00    0.00    0.00    0.00   90.00
20时19分03秒    0    4.04    0.00    3.03    0.00    0.00    0.00    0.00    0.00   92.93
20时19分04秒    0    3.96    0.00    1.98    1.98    0.00    0.00    0.00    0.00   92.08
20时19分05秒    0    4.04    0.00    4.04    0.00    0.00    0.00    0.00    0.00   91.92
20时19分06秒    0    5.00    0.00    3.00    0.00    0.00    0.00    0.00    0.00   92.00
20时19分07秒    0    6.00    0.00    4.00    1.00    0.00    0.00    0.00    0.00   89.00
20时19分08秒    0    6.93    0.99    8.91    0.00    0.00    0.00    0.00    0.00   83.17
20时19分09秒    0    7.07    0.00    6.06    1.01    0.00    0.00    0.00    0.00   85.86
20时19分10秒    0    1.01    1.01   23.23    0.00    0.00    0.00    0.00    0.00   74.75
20时19分11秒    0    1.00    5.00   89.00    0.00    0.00    0.00    0.00    0.00    5.00
20时19分12秒    0    1.00    4.00   91.00    0.00    0.00    0.00    0.00    0.00    4.00
20时19分13秒    0    0.00    5.94   93.07    0.00    0.00    0.00    0.00    0.00    0.99
20时19分14秒    0    0.99    4.95   77.23    0.99    0.00    0.99    0.00    0.00   14.85
20时19分15秒    0    3.03    0.00   16.16    8.08    0.00    0.00    0.00    0.00   72.73
20时19分16秒    0    1.98    3.96   82.18    0.00    0.00    0.00    0.00    0.00   11.88
20时19分17秒    0    9.09    0.00   15.15    0.00    0.00    0.00    0.00    0.00   75.76
20时19分18秒    0    4.00    0.00    2.00    1.00    0.00    0.00    0.00    0.00   93.00
20时19分19秒    0    3.96    0.99    9.90    0.00    0.00    0.00    0.00    0.00   85.15
20时19分20秒    0    5.00    1.00   10.00    1.00    0.00    0.00    0.00    0.00   83.00
20时19分21秒    0    8.08    1.01    6.06    2.02    0.00    0.00    0.00    0.00   82.83
20时19分22秒    0    4.04    0.00    5.05    0.00    0.00    0.00    0.00    0.00   90.91
20时19分23秒    0    0.00    4.95   91.09    0.00    0.00    0.00    0.00    0.00    3.96
20时19分24秒    0    0.00    5.00   93.00    0.00    0.00    0.00    0.00    0.00    2.00
20时19分25秒    0    3.96    2.97   49.50    1.98    0.00    0.00    0.00    0.00   41.58
20时19分26秒    0    5.05    0.00    5.05    1.01    0.00    0.00    0.00    0.00   88.89
20时19分27秒    0    2.97    2.97   80.20    0.00    0.00    0.00    0.00    0.00   13.86
20时19分28秒    0    4.08    0.00    4.08    0.00    0.00    0.00    0.00    0.00   91.84
20时19分29秒    0    6.93    0.00    1.98    0.99    0.00    0.00    0.00    0.00   90.10
20时19分30秒    0    5.94    0.99    5.94    1.98    0.00    0.00    0.00    0.00   85.15
20时19分31秒    0    3.06    3.06   75.51    0.00    0.00    0.00    0.00    0.00   18.37
20时19分32秒    0    0.00    4.00   89.00    0.00    0.00    0.00    0.00    0.00    7.00
20时19分33秒    0    0.00    5.00   94.00    0.00    0.00    0.00    0.00    0.00    1.00
20时19分34秒    0    0.00    5.05   91.92    0.00    0.00    0.00    0.00    0.00    3.03
20时19分35秒    0    0.00    5.94   93.07    0.00    0.00    0.00    0.00    0.00    0.99
20时19分36秒    0    0.99    3.96   88.12    0.00    0.00    0.99    0.00    0.00    5.94
20时19分37秒    0    5.05    0.00   17.17    0.00    0.00    0.00    0.00    0.00   77.78
20时19分38秒    0    8.00    0.00    1.00    0.00    0.00    0.00    0.00    0.00   91.00
20时19分39秒    0    4.95    0.99    4.95    0.99    0.00    0.00    0.00    0.00   88.12
20时19分40秒    0    5.94    0.00    1.98    0.99    0.00    0.00    0.00    0.00   91.09
20时19分41秒    0    6.06    0.00    1.01    1.01    0.00    0.00    0.00    0.00   91.92
20时19分42秒    0    6.00    0.00    2.00    1.00    0.00    0.00    0.00    0.00   91.00
20时19分43秒    0    5.94    0.00    1.98    0.99    0.00    0.00    0.00    0.00   91.09
20时19分44秒    0    5.05    0.00    1.01    0.00    0.00    0.00    0.00    0.00   93.94
20时19分45秒    0    6.93    0.00    0.99    0.00    0.00    0.00    0.00    0.00   92.08
20时19分46秒    0    5.05    0.00    4.04    3.03    0.00    0.00    0.00    0.00   87.88
20时19分47秒    0    6.00    0.00    0.00    0.00    0.00    0.00    0.00    0.00   94.00
20时19分48秒    0    5.00    0.00   13.00    0.00    0.00    0.00    0.00    0.00   82.00
20时19分49秒    0    2.00    4.00   61.00    0.00    0.00    0.00    0.00    0.00   33.00
20时19分50秒    0    3.00    4.00   78.00    1.00    0.00    0.00    0.00    0.00   14.00
20时19分51秒    0    1.01    4.04   79.80    0.00    0.00    0.00    0.00    0.00   15.15
20时19分52秒    0    0.00    5.00   95.00    0.00    0.00    0.00    0.00    0.00    0.00
20时19分53秒    0    1.00    5.00   93.00    0.00    0.00    0.00    0.00    0.00    1.00
20时19分54秒    0    0.00    5.00   91.00    0.00    0.00    1.00    0.00    0.00    3.00
20时19分55秒    0    3.96    2.97   39.60    0.00    0.00    0.00    0.00    0.00   53.47
20时19分56秒    0   11.11    0.00    2.02    3.03    0.00    0.00    0.00    0.00   83.84
20时19分57秒    0    3.00    2.00   51.00    0.00    0.00    0.00    0.00    0.00   44.00
20时19分58秒    0    1.00    6.00   93.00    0.00    0.00    0.00    0.00    0.00    0.00
20时19分59秒    0    1.00    2.00   48.00    0.00    0.00    0.00    0.00    0.00   49.00
20时20分00秒    0    0.00    3.96   46.53    0.99    0.00    0.00    0.00    0.00   48.51
20时20分01秒    0    0.00    5.05   93.94    0.00    0.00    0.00    0.00    0.00    1.01
20时20分02秒    0    1.00    6.00   92.00    0.00    0.00    0.00    0.00    0.00    1.00
20时20分03秒    0    2.00    5.00   56.00    0.00    0.00    0.00    0.00    0.00   37.00
20时20分04秒    0    2.04    2.04   37.76    0.00    0.00    0.00    0.00    0.00   58.16
20时20分05秒    0    0.98    5.88   91.18    0.00    1.96    0.00    0.00    0.00    0.00
20时20分06秒    0    1.00    3.00   60.00    1.00    2.00    0.00    0.00    0.00   33.00
20时20分07秒    0   14.00    2.00   33.00    1.00    0.00    0.00    0.00    0.00   50.00
20时20分08秒    0    0.99    5.94   90.10    0.00    1.98    0.00    0.00    0.00    0.99
20时20分09秒    0    1.01    5.05   91.92    0.00    0.00    0.00    0.00    0.00    2.02
20时20分10秒    0    1.01    3.03   44.44    0.00    1.01    0.00    0.00    0.00   50.51
20时20分11秒    0    8.00    2.00   27.00    1.00    0.00    0.00    0.00    0.00   62.00
20时20分12秒    0    0.00    6.00   94.00    0.00    0.00    0.00    0.00    0.00    0.00
20时20分13秒    0    1.00    6.00   92.00    0.00    0.00    0.00    0.00    0.00    1.00
20时20分14秒    0    4.95    1.98   36.63    1.98    0.00    0.00    0.00    0.00   54.46
20时20分15秒    0    8.00    1.00   20.00    0.00    0.00    1.00    0.00    0.00   70.00
20时20分16秒    0    3.00    5.00   92.00    0.00    0.00    0.00    0.00    0.00    0.00
20时20分17秒    0    5.00    5.00   87.00    0.00    0.00    0.00    0.00    0.00    3.00
20时20分18秒    0    2.00    6.00   79.00    0.00    0.00    0.00    0.00    0.00   13.00
20时20分19秒    0   11.00    0.00    3.00    0.00    0.00    0.00    0.00    0.00   86.00
20时20分20秒    0    6.06    0.00    4.04    2.02    0.00    0.00    0.00    0.00   87.88
20时20分21秒    0    0.99    0.99   10.89    1.98    0.00    0.00    0.00    0.00   85.15
20时20分22秒    0    4.04    7.07   83.84    0.00    0.00    0.00    0.00    0.00    5.05
20时20分23秒    0    1.98    0.00    5.94    0.00    0.00    0.00    0.00    0.00   92.08
20时20分24秒    0    8.08    1.01   12.12    0.00    0.00    0.00    0.00    0.00   78.79
20时20分25秒    0   12.87    0.99   10.89    0.00    0.00    0.99    0.00    0.00   74.26
20时20分26秒    0    1.00    6.00   92.00    0.00    0.00    0.00    0.00    0.00    1.00
20时20分27秒    0    1.98    0.00    2.97    0.99    0.00    0.00    0.00    0.00   94.06
20时20分28秒    0    1.00    7.00   91.00    0.00    0.00    0.00    0.00    0.00    1.00
20时20分29秒    0    7.07    0.00    3.03    1.01    0.00    0.00    0.00    0.00   88.89
20时20分30秒    0    1.01    3.03   50.51    0.00    0.00    0.00    0.00    0.00   45.45
20时20分31秒    0    2.00    1.00   20.00    0.00    0.00    0.00    0.00    0.00   77.00
20时20分32秒    0    3.96    0.00    1.98    0.99    0.00    0.00    0.00    0.00   93.07
20时20分33秒    0    0.00    5.00   86.00    0.00    0.00    1.00    0.00    0.00    8.00
20时20分34秒    0    0.00    7.92   91.09    0.00    0.00    0.00    0.00    0.00    0.99
20时20分35秒    0    0.00    7.07   90.91    0.00    0.00    0.00    0.00    0.00    2.02
20时20分36秒    0   12.12    0.00    7.07    0.00    0.00    0.00    0.00    0.00   80.81
20时20分37秒    0    7.92    3.96   47.52    0.99    0.00    0.00    0.00    0.00   39.60
20时20分38秒    0    3.03    0.00    2.02    0.00    0.00    0.00    0.00    0.00   94.95
20时20分39秒    0    3.96    0.00    1.98    0.99    0.00    0.00    0.00    0.00   93.07
20时20分40秒    0    1.01    3.03   68.69    0.00    0.00    0.00    0.00    0.00   27.27
20时20分41秒    0    1.98    0.00    1.98    0.00    0.00    0.00    0.00    0.00   96.04
20时20分42秒    0    1.00    4.00   72.00    2.00    0.00    0.00    0.00    0.00   21.00
20时20分43秒    0    1.01    3.03   38.38    0.00    0.00    0.00    0.00    0.00   57.58
20时20分44秒    0    1.00    0.00    3.00    1.00    0.00    0.00    0.00    0.00   95.00
20时20分45秒    0    2.94    3.92   44.12    0.00    0.00    0.98    0.00    0.00   48.04
20时20分46秒    0    1.01    0.00    1.01    1.01    0.00    0.00    0.00    0.00   96.97
20时20分47秒    0    1.00    2.00   48.00    1.00    0.00    0.00    0.00    0.00   48.00
20时20分48秒    0    1.00    3.00   64.00    0.00    0.00    0.00    0.00    0.00   32.00
20时20分49秒    0    0.00    4.04   82.83    1.01    0.00    0.00    0.00    0.00   12.12
20时20分50秒    0    2.94    2.94   57.84    0.00    0.00    0.00    0.00    0.00   36.27
20时20分51秒    0    0.00    5.10   83.67    0.00    0.00    0.00    0.00    0.00   11.22
20时20分52秒    0    0.99    0.00    1.98    0.99    0.00    0.00    0.00    0.00   96.04
20时20分53秒    0    1.00    2.00   44.00    1.00    0.00    0.00    0.00    0.00   52.00
20时20分54秒    0    0.00    2.02   42.42    0.00    0.00    0.00    0.00    0.00   55.56
20时20分55秒    0    0.99    2.97   48.51    0.00    0.00    0.00    0.00    0.00   47.52
20时20分56秒    0    0.00    3.00   51.00    0.00    0.00    0.00    0.00    0.00   46.00
20时20分57秒    0    1.00    2.00   47.00    0.00    0.00    0.00    0.00    0.00   50.00
20时20分58秒    0    0.00    0.00    2.00    0.00    0.00    0.00    0.00    0.00   98.00
20时20分59秒    0    0.00    7.00   92.00    0.00    0.00    1.00    0.00    0.00    0.00
20时21分00秒    0    0.00    2.00   51.00    0.00    0.00    0.00    0.00    0.00   47.00
20时21分01秒    0    1.00    2.00   43.00    1.00    0.00    0.00    0.00    0.00   53.00
20时21分02秒    0    0.00    3.00   55.00    1.00    0.00    0.00    0.00    0.00   41.00
20时21分03秒    0    1.01    0.00    2.02    0.00    0.00    0.00    0.00    0.00   96.97
20时21分04秒    0    3.00    2.00   39.00    0.00    0.00    0.00    0.00    0.00   56.00
20时21分05秒    0    0.99    1.98   32.67    0.99    0.00    0.00    0.00    0.00   63.37
20时21分06秒    0    0.00    0.00    1.00    0.00    0.00    0.00    0.00    0.00   99.00
20时21分07秒    0    1.01    0.00    3.03    2.02    0.00    0.00    0.00    0.00   93.94
20时21分08秒    0    4.00    2.00   35.00    1.00    0.00    0.00    0.00    0.00   58.00
20时21分09秒    0    0.00    5.00   95.00    0.00    0.00    0.00    0.00    0.00    0.00
20时21分10秒    0    0.00    4.00   64.00    0.00    0.00    0.00    0.00    0.00   32.00
20时21分11秒    0    3.00    0.00    3.00    1.00    0.00    0.00    0.00    0.00   93.00
20时21分12秒    0    3.00    0.00    1.00    1.00    0.00    1.00    0.00    0.00   94.00
20时21分13秒    0    2.00    2.00   26.00    0.00    0.00    0.00    0.00    0.00   70.00
20时21分14秒    0    0.99    4.95   93.07    0.00    0.00    0.00    0.00    0.00    0.99
20时21分15秒    0    0.00    5.05   94.95    0.00    0.00    0.00    0.00    0.00    0.00
20时21分16秒    0    1.00    3.00   74.00    0.00    0.00    0.00    0.00    0.00   22.00
20时21分17秒    0    3.00    0.00    2.00    3.00    0.00    0.00    0.00    0.00   92.00
20时21分18秒    0    1.98    0.99   19.80    0.00    0.00    0.00    0.00    0.00   77.23
20时21分19秒    0    1.00    3.00   52.00    0.00    0.00    0.00    0.00    0.00   44.00
20时21分20秒    0    3.00    1.00   15.00    0.00    0.00    0.00    0.00    0.00   81.00
20时21分21秒    0    0.00    5.00   80.00    0.00    0.00    0.00    0.00    0.00   15.00
20时21分22秒    0    2.00    1.00   13.00    2.00    0.00    0.00    0.00    0.00   82.00
20时21分23秒    0    0.00    4.00   85.00    0.00    0.00    0.00    0.00    0.00   11.00
20时21分24秒    0    2.00    1.00    9.00    0.00    0.00    0.00    0.00    0.00   88.00
20时21分25秒    0    0.00    6.06   81.82    0.00    5.05    0.00    0.00    0.00    7.07
20时21分26秒    0    3.03    0.00    3.03    1.01    2.02    0.00    0.00    0.00   90.91
20时21分27秒    0    5.94    0.00    0.99    0.00    4.95    0.00    0.00    0.00   88.12
20时21分28秒    0    8.00    0.00    2.00    2.00    0.00    0.00    0.00    0.00   88.00
20时21分29秒    0    5.00    4.00   64.00    0.00    0.00    1.00    0.00    0.00   26.00
20时21分30秒    0   13.00    0.00    4.00    0.00    0.00    0.00    0.00    0.00   83.00
20时21分31秒    0    0.99    0.00    1.98    0.00    0.00    0.00    0.00    0.00   97.03
20时21分32秒    0    0.00    0.00    1.02    0.00    0.00    0.00    0.00    0.00   98.98
20时21分33秒    0    0.98    5.88   90.20    0.98    0.00    0.00    0.00    0.00    1.96
20时21分34秒    0    0.00    6.06   93.94    0.00    0.00    0.00    0.00    0.00    0.00
20时21分35秒    0    4.00    0.00    8.00    0.00    0.00    0.00    0.00    0.00   88.00
20时21分36秒    0   11.00    0.00    1.00    0.00    0.00    0.00    0.00    0.00   88.00
20时21分37秒    0    2.02    6.06   83.84    0.00    0.00    0.00    0.00    0.00    8.08
20时21分38秒    0   22.00    1.00   12.00    1.00    0.00    0.00    0.00    0.00   64.00
20时21分39秒    0    0.00    4.00   83.00    0.00    0.00    0.00    0.00    0.00   13.00
20时21分40秒    0    3.96    1.98   31.68    0.00    0.00    0.00    0.00    0.00   62.38
20时21分41秒    0    3.00    1.00   18.00    1.00    0.00    1.00    0.00    0.00   76.00
20时21分42秒    0    1.00    4.00   78.00    0.00    0.00    0.00    0.00    0.00   17.00
20时21分43秒    0    2.00    1.00   19.00    0.00    0.00    0.00    0.00    0.00   78.00
20时21分44秒    0   12.00    0.00    6.00    2.00    0.00    0.00    0.00    0.00   80.00
20时21分45秒    0    5.00    0.00    2.00    0.00    0.00    0.00    0.00    0.00   93.00
20时21分46秒    0    3.00    5.00   71.00    0.00    0.00    0.00    0.00    0.00   21.00
20时21分47秒    0    0.99    6.93   91.09    0.00    0.00    0.00    0.00    0.00    0.99
20时21分48秒    0    2.02    4.04   93.94    0.00    0.00    0.00    0.00    0.00    0.00
20时21分49秒    0    4.95    6.93   88.12    0.00    0.00    0.00    0.00    0.00    0.00
20时21分50秒    0    4.08    2.04   29.59    0.00    0.00    0.00    0.00    0.00   64.29
20时21分51秒    0    1.00    6.00   63.00    0.00    0.00    0.00    0.00    0.00   30.00
20时21分52秒    0    4.00    6.00   90.00    0.00    0.00    0.00    0.00    0.00    0.00
20时21分53秒    0    0.00    6.00   94.00    0.00    0.00    0.00    0.00    0.00    0.00
20时21分54秒    0    6.00    2.00   37.00    1.00    0.00    0.00    0.00    0.00   54.00
20时21分55秒    0    3.00    4.00   57.00    0.00    0.00    0.00    0.00    0.00   36.00
20时21分56秒    0    4.00    2.00   39.00    0.00    0.00    0.00    0.00    0.00   55.00
20时21分57秒    0    1.01    5.05   52.53    0.00    0.00    0.00    0.00    0.00   41.41
20时21分58秒    0    4.95    3.96   39.60    0.00    0.00    0.00    0.00    0.00   51.49
20时21分59秒    0   13.00    0.00    1.00    0.00    0.00    0.00    0.00    0.00   86.00
20时22分00秒    0    7.00    4.00   50.00    0.00    0.00    0.00    0.00    0.00   39.00
20时22分01秒    0    4.00    4.00   45.00    0.00    0.00    0.00    0.00    0.00   47.00
20时22分02秒    0   10.10    0.00    2.02    0.00    0.00    0.00    0.00    0.00   87.88
20时22分03秒    0    6.93    0.00    1.98    1.98    0.00    0.00    0.00    0.00   89.11
20时22分04秒    0    2.97    0.99    6.93    0.00    0.00    0.99    0.00    0.00   88.12
20时22分05秒    0    0.00    0.00    3.03    2.02    0.00    0.00    0.00    0.00   94.95
20时22分06秒    0    3.96    0.00    2.97    0.99    0.00    0.00    0.00    0.00   92.08
20时22分07秒    0    4.08    0.00    4.08    0.00    0.00    0.00    0.00    0.00   91.84
20时22分08秒    0   11.88    0.00    1.98    0.99    0.00    0.00    0.00    0.00   85.15
20时22分09秒    0    0.98    3.92   35.29    0.98    0.00    0.00    0.00    0.00   58.82
20时22分10秒    0    0.00    4.08   81.63    0.00    0.00    0.00    0.00    0.00   14.29
20时22分11秒    0    0.99    6.93   91.09    0.00    0.00    0.00    0.00    0.00    0.99
20时22分12秒    0    0.00    6.00   82.00    0.00    0.00    0.00    0.00    0.00   12.00
20时22分13秒    0    0.00    8.08   90.91    0.00    0.00    0.00    0.00    0.00    1.01
20时22分14秒    0    1.00    6.00   93.00    0.00    0.00    0.00    0.00    0.00    0.00
20时22分15秒    0    0.00    5.05   79.80    0.00    0.00    0.00    0.00    0.00   15.15
20时22分16秒    0    0.98    7.84   90.20    0.00    0.00    0.00    0.00    0.00    0.98
20时22分17秒    0    1.01    6.06   91.92    0.00    0.00    0.00    0.00    0.00    1.01
20时22分18秒    0    1.00    8.00   91.00    0.00    0.00    0.00    0.00    0.00    0.00
20时22分19秒    0    0.99    8.91   87.13    0.00    0.00    0.00    0.00    0.00    2.97
20时22分20秒    0    1.01    5.05   65.66    0.00    0.00    0.00    0.00    0.00   28.28
20时22分21秒    0   15.00    0.00    2.00    1.00    0.00    0.00    0.00    0.00   82.00
20时22分22秒    0    7.00    0.00    2.00    0.00    0.00    0.00    0.00    0.00   91.00
20时22分23秒    0   10.00    0.00    4.00    1.00    0.00    0.00    0.00    0.00   85.00
20时22分24秒    0    6.00    1.00   14.00    1.00    0.00    0.00    0.00    0.00   78.00
20时22分25秒    0    1.01    5.05   93.94    0.00    0.00    0.00    0.00    0.00    0.00
20时22分26秒    0    0.00    6.93   91.09    0.00    0.00    0.00    0.00    0.00    1.98
20时22分27秒    0    0.00    6.00   85.00    0.00    0.00    0.00    0.00    0.00    9.00
20时22分28秒    0    0.00    5.05   88.89    0.00    0.00    0.00    0.00    0.00    6.06
20时22分29秒    0    0.00    7.07   91.92    0.00    0.00    0.00    0.00    0.00    1.01
20时22分30秒    0    0.98    4.90   89.22    0.00    0.00    0.00    0.00    0.00    4.90
20时22分31秒    0    0.00    6.06   92.93    0.00    0.00    0.00    0.00    0.00    1.01
20时22分32秒    0    0.00    5.94   92.08    0.00    0.00    0.00    0.00    0.00    1.98
20时22分33秒    0    5.05    1.01   12.12    3.03    0.00    1.01    0.00    0.00   77.78
20时22分34秒    0    1.00    5.00   84.00    0.00    0.00    0.00    0.00    0.00   10.00
20时22分35秒    0    0.99    4.95   81.19    0.00    0.00    0.00    0.00    0.00   12.87
20时22分36秒    0   10.10    0.00    6.06    1.01    0.00    0.00    0.00    0.00   82.83
20时22分37秒    0    1.01    3.03   38.38    0.00    0.00    0.00    0.00    0.00   57.58
20时22分38秒    0    7.07    2.02   24.24    0.00    0.00    0.00    0.00    0.00   66.67
20时22分39秒    0    5.94    0.99    8.91    3.96    0.00    0.00    0.00    0.00   80.20
20时22分40秒    0    4.00    1.00    1.00    0.00    0.00    0.00    0.00    0.00   94.00
20时22分41秒    0    6.00    1.00   10.00    2.00    0.00    0.00    0.00    0.00   81.00
20时22分42秒    0    6.86    0.00    5.88    0.98    1.96    0.98    0.00    0.00   83.33
20时22分43秒    0    6.93    0.00    2.97    0.00    4.95    0.00    0.00    0.00   85.15
20时22分44秒    0    7.07    1.01   10.10    2.02    0.00    0.00    0.00    0.00   79.80
20时22分45秒    0    6.06    0.00    5.05    0.00    0.00    0.00    0.00    0.00   88.89
20时22分46秒    0    7.92    0.00    1.98    1.98    0.00    0.00    0.00    0.00   88.12
20时22分47秒    0    9.00    1.00    3.00    0.00    1.00    0.00    0.00    0.00   86.00
20时22分48秒    0   10.10    0.00    1.01    0.00    0.00    0.00    0.00    0.00   88.89
20时22分49秒    0    5.94    0.00    1.98    1.98    0.00    0.00    0.00    0.00   90.10
20时22分50秒    0    0.00    5.10   69.39    0.00    0.00    0.00    0.00    0.00   25.51
20时22分51秒    0    0.98    5.88   87.25    0.00    0.00    0.00    0.00    0.00    5.88
20时22分52秒    0    0.00    4.04   94.95    0.00    0.00    0.00    0.00    0.00    1.01
20时22分53秒    0    1.00    6.00   89.00    0.00    0.00    0.00    0.00    0.00    4.00
20时22分54秒    0    5.00    1.00   32.00    0.00    0.00    0.00    0.00    0.00   62.00
20时22分55秒    0    6.06    1.01    4.04    0.00    0.00    0.00    0.00    0.00   88.89
20时22分56秒    0    4.90    0.00    2.94    0.98    0.00    0.98    0.00    0.00   90.20
20时22分57秒    0    6.00    1.00    5.00    1.00    0.00    0.00    0.00    0.00   87.00
20时22分58秒    0    5.05    0.00    4.04    0.00    0.00    0.00    0.00    0.00   90.91
20时22分59秒    0    7.00    1.00    5.00    1.00    0.00    0.00    0.00    0.00   86.00
20时23分00秒    0    2.97    4.95   52.48    0.99    0.00    0.00    0.00    0.00   38.61
20时23分01秒    0    1.00    5.00   83.00    0.00    0.00    0.00    0.00    0.00   11.00
20时23分02秒    0    5.00    2.00   47.00    1.00    0.00    0.00    0.00    0.00   45.00
20时23分03秒    0    8.08    0.00    2.02    0.00    0.00    0.00    0.00    0.00   89.90
20时23分04秒    0    6.93    0.00    1.98    1.98    0.00    0.00    0.00    0.00   89.11
20时23分05秒    0    6.00    1.00   17.00    1.00    0.00    0.00    0.00    0.00   75.00
20时23分06秒    0    5.00    0.00    3.00    0.00    0.00    0.00    0.00    0.00   92.00
20时23分07秒    0    6.00    0.00    1.00    0.00    0.00    0.00    0.00    0.00   93.00
20时23分08秒    0    5.05    0.00    2.02    1.01    0.00    0.00    0.00    0.00   91.92
20时23分09秒    0    5.94    0.99   15.84    4.95    0.00    0.99    0.00    0.00   71.29
20时23分10秒    0    5.05    0.00    3.03    0.00    0.00    0.00    0.00    0.00   91.92
20时23分11秒    0    7.00    0.00    1.00    0.00    0.00    0.00    0.00    0.00   92.00
20时23分12秒    0    7.00    0.00    2.00    0.00    0.00    0.00    0.00    0.00   91.00
20时23分13秒    0    4.00    1.00   26.00    2.00    0.00    0.00    0.00    0.00   67.00
20时23分14秒    0    1.00    5.00   94.00    0.00    0.00    0.00    0.00    0.00    0.00
20时23分15秒    0    5.05    8.08   86.87    0.00    0.00    0.00    0.00    0.00    0.00
20时23分16秒    0    0.00    7.92   91.09    0.00    0.00    0.00    0.00    0.00    0.99
20时23分17秒    0    6.00    6.00   63.00    0.00    0.00    0.00    0.00    0.00   25.00
20时23分18秒    0    6.06    1.01   12.12    0.00    0.00    0.00    0.00    0.00   80.81
20时23分19秒    0    5.00    4.00   68.00    0.00    0.00    0.00    0.00    0.00   23.00
20时23分20秒    0    5.05    0.00    2.02    0.00    0.00    0.00    0.00    0.00   92.93
平均时间:    0    3.70    2.54   41.16    0.51    0.09    0.06    0.00    0.00   51.93
