Linux 2.6.32-71.el6.i686 (xx) 	2015年09月25日 	_i686_	(2 CPU)

20时18分20秒  CPU    %usr   %nice    %sys %iowait    %irq   %soft  %steal  %guest   %idle
20时18分21秒    1    4.00    0.00    1.00    0.00    0.00    0.00    0.00    0.00   95.00
20时18分22秒    1    7.00    0.00    1.00    0.00    0.00    0.00    0.00    0.00   92.00
20时18分23秒    1    2.00    9.00   85.00    0.00    0.00    0.00    0.00    0.00    4.00
20时18分24秒    1    0.99    6.93   92.08    0.00    0.00    0.00    0.00    0.00    0.00
20时18分25秒    1    1.01    5.05   91.92    0.00    0.00    0.00    0.00    0.00    2.02
20时18分26秒    1    1.01    4.04   94.95    0.00    0.00    0.00    0.00    0.00    0.00
20时18分27秒    1    1.98    3.96   93.07    0.00    0.00    0.00    0.00    0.00    0.99
20时18分28秒    1    0.00    6.00   94.00    0.00    0.00    0.00    0.00    0.00    0.00
20时18分29秒    1    6.00    1.00   12.00    0.00    0.00    0.00    0.00    0.00   81.00
20时18分30秒    1    1.00    5.00   81.00    0.00    0.00    0.00    0.00    0.00   13.00
20时18分31秒    1    6.06    2.02   16.16    1.01    0.00    0.00    0.00    0.00   74.75
20时18分32秒    1    4.95    0.00    4.95    0.00    0.00    0.00    0.00    0.00   90.10
20时18分33秒    1    2.02    4.04   71.72    0.00    0.00    0.00    0.00    0.00   22.22
20时18分34秒    1    5.00    2.00   19.00    0.00    0.00    0.00    0.00    0.00   74.00
20时18分35秒    1    3.00    4.00   73.00    0.00    0.00    0.00    0.00    0.00   20.00
20时18分36秒    1    2.97    0.99   23.76    5.94    0.00    0.99    0.00    0.00   65.35
20时18分37秒    1    2.00    5.00   71.00    0.00    0.00    0.00    0.00    0.00   22.00
20时18分38秒    1   11.00    1.00   25.00    0.00    0.00    0.00    0.00    0.00   63.00
20时18分39秒    1    0.00    4.00   70.00    2.00    0.00    0.00    0.00    0.00   24.00
20时18分40秒    1    0.00    4.00   96.00    0.00    0.00    0.00    0.00    0.00    0.00
20时18分41秒    1    0.99    5.94   88.12    0.00    0.00    0.99    0.00    0.00    3.96
20时18分42秒    1    1.00    7.00   87.00    0.00    0.00    0.00    0.00    0.00    5.00
20时18分43秒    1    0.00    5.94   93.07    0.00    0.00    0.00    0.00    0.00    0.99
20时18分44秒    1   18.18    2.02   34.34    0.00    0.00    0.00    0.00    0.00   45.45
20时18分45秒    1   27.00    0.00    2.00    0.00    0.00    0.00    0.00    0.00   71.00
20时18分46秒    1   12.00    1.00    4.00    1.00    0.00    0.00    0.00    0.00   82.00
20时18分47秒    1    5.05    0.00    3.03    0.00    0.00    0.00    0.00    0.00   91.92
20时18分48秒    1    6.93    0.00    1.98    0.99    0.00    0.00    0.00    0.00   90.10
20时18分49秒    1    4.95    0.99    3.96    2.97    0.00    0.00    0.00    0.00   87.13
20时18分50秒    1    0.99    4.95   83.17    0.00    0.00    0.00    0.00    0.00   10.89
20时18分51秒    1    0.00    5.00   94.00    0.00    0.00    0.00    0.00    0.00    1.00
20时18分52秒    1    1.00    5.00   90.00    0.00    0.00    0.00    0.00    0.00    4.00
20时18分53秒    1    2.00    2.00   49.00    0.00    0.00    0.00    0.00    0.00   47.00
20时18分54秒    1    1.00    3.00   47.00    2.00    0.00    0.00    0.00    0.00   47.00
20时18分55秒    1    0.00    4.04   58.59    0.00    0.00    0.00    0.00    0.00   37.37
20时18分56秒    1    2.00    4.00   90.00    0.00    0.00    0.00    0.00    0.00    4.00
20时18分57秒    1    1.98    4.95   89.11    0.00    0.00    0.00    0.00    0.00    3.96
20时18分58秒    1    0.00    6.00   94.00    0.00    0.00    0.00    0.00    0.00    0.00
20时18分59秒    1    1.01    4.04   59.60    1.01    0.00    0.00    0.00    0.00   34.34
20时19分00秒    1    2.00    4.00   87.00    0.00    0.00    0.00    0.00    0.00    7.00
20时19分01秒    1    0.00    4.95   92.08    0.00    0.00    0.00    0.00    0.00    2.97
20时19分02秒    1    0.00    4.95   93.07    0.00    0.00    0.00    0.00    0.00    1.98
20时19分03秒    1    0.00    4.04   94.95    0.00    0.00    0.00    0.00    0.00    1.01
20时19分04秒    1    0.00    5.00   94.00    0.00    0.00    0.00    0.00    0.00    1.00
20时19分05秒    1    0.99    4.95   90.10    0.00    0.00    0.00    0.00    0.00    3.96
20时19分06秒    1    0.00    4.90   93.14    0.00    0.00    0.00    0.00    0.00    1.96
20时19分07秒    1    0.00    5.00   92.00    0.00    0.00    0.00    0.00    0.00    3.00
20时19分08秒    1    0.99    3.96   86.14    0.00    0.00    0.00    0.00    0.00    8.91
20时19分09秒    1    0.00    4.95   90.10    0.00    0.00    0.00    0.00    0.00    4.95
20时19分10秒    1    4.90    2.94   72.55    0.00    0.98    0.98    0.00    0.00   17.65
20时19分11秒    1    6.06    0.00    6.06    3.03    0.00    0.00    0.00    0.00   84.85
20时19分12秒    1    7.92    0.00    5.94    0.00    0.00    0.00    0.00    0.00   86.14
20时19分13秒    1    5.05    0.00    2.02    1.01    0.00    0.00    0.00    0.00   91.92
20时19分14秒    1    5.94    0.99   17.82    0.00    0.00    0.00    0.00    0.00   75.25
20时19分15秒    1    4.04    4.04   80.81    0.00    0.00    0.00    0.00    0.00   11.11
20时19分16秒    1    5.00    1.00   13.00    0.00    0.00    0.00    0.00    0.00   81.00
20时19分17秒    1    1.00    4.00   80.00    0.00    0.00    0.00    0.00    0.00   15.00
20时19分18秒    1    0.00    5.00   95.00    0.00    0.00    0.00    0.00    0.00    0.00
20时19分19秒    1    1.00    5.00   85.00    0.00    0.00    0.00    0.00    0.00    9.00
20时19分20秒    1    0.98    5.88   83.33    0.98    0.00    0.98    0.00    0.00    7.84
20时19分21秒    1    2.00    5.00   89.00    0.00    0.00    0.00    0.00    0.00    4.00
20时19分22秒    1    1.00    5.00   89.00    0.00    0.00    0.00    0.00    0.00    5.00
20时19分23秒    1    6.06    0.00    5.05    1.01    0.00    0.00    0.00    0.00   87.88
20时19分24秒    1    6.93    0.99    2.97    0.00    0.00    0.00    0.00    0.00   89.11
20时19分25秒    1    4.04    2.02   43.43    0.00    0.00    0.00    0.00    0.00   50.51
20时19分26秒    1    1.98    3.96   88.12    0.00    0.00    0.00    0.00    0.00    5.94
20时19分27秒    1    4.00    2.00   16.00    0.00    0.00    0.00    0.00    0.00   78.00
20时19分28秒    1    2.02    5.05   90.91    0.00    0.00    0.00    0.00    0.00    2.02
20时19分29秒    1    1.01    4.04   94.95    0.00    0.00    0.00    0.00    0.00    0.00
20时19分30秒    1    0.99    4.95   89.11    0.00    0.00    0.00    0.00    0.00    4.95
20时19分31秒    1    5.00    1.00   22.00    0.00    0.00    0.00    0.00    0.00   72.00
20时19分32秒    1    5.94    0.99    7.92    0.99    0.00    0.00    0.00    0.00   84.16
20时19分33秒    1    7.00    0.00    2.00    0.00    0.00    0.00    0.00    0.00   91.00
20时19分34秒    1    7.00    0.00    5.00    0.00    0.00    0.00    0.00    0.00   88.00
20时19分35秒    1    7.00    0.00    3.00    2.00    0.00    0.00    0.00    0.00   88.00
20时19分36秒    1    7.00    0.00    6.00    1.00    0.00    0.00    0.00    0.00   86.00
20时19分37秒    1    1.00    4.00   78.00    0.00    0.00    0.00    0.00    0.00   17.00
20时19分38秒    1    1.00    5.00   94.00    0.00    0.00    0.00    0.00    0.00    0.00
20时19分39秒    1    0.00    5.00   92.00    0.00    0.00    0.00    0.00    0.00    3.00
20时19分40秒    1    0.99    4.95   94.06    0.00    0.00    0.00    0.00    0.00    0.00
20时19分41秒    1    1.00    5.00   94.00    0.00    0.00    0.00    0.00    0.00    0.00
20时19分42秒    1    0.00    5.05   94.95    0.00    0.00    0.00    0.00    0.00    0.00
20时19分43秒    1    0.99    4.95   94.06    0.00    0.00    0.00    0.00    0.00    0.00
20时19分44秒    1    1.01    4.04   94.95    0.00    0.00    0.00    0.00    0.00    0.00
20时19分45秒    1    0.00    6.00   94.00    0.00    0.00    0.00    0.00    0.00    0.00
20时19分46秒    1    1.98    4.95   91.09    0.00    0.00    0.99    0.00    0.00    0.99
20时19分47秒    1    0.00    5.00   95.00    0.00    0.00    0.00    0.00    0.00    0.00
20时19分48秒    1    1.98    3.96   81.19    0.00    0.00    0.00    0.00    0.00   12.87
20时19分49秒    1    4.04    1.01   35.35    0.00    0.00    0.00    0.00    0.00   59.60
20时19分50秒    1    6.00    2.00   16.00    0.00    0.00    0.00    0.00    0.00   76.00
20时19分51秒    1    5.94    0.99   15.84    1.98    0.00    0.00    0.00    0.00   75.25
20时19分52秒    1    3.03    0.00    1.01    0.00    0.00    0.00    0.00    0.00   95.96
20时19分53秒    1    4.00    0.00    2.00    1.00    0.00    0.00    0.00    0.00   93.00
20时19分54秒    1    8.91    0.00    7.92    6.93    0.00    0.00    0.00    0.00   76.24
20时19分55秒    1    2.02    2.02   55.56    0.00    0.00    0.00    0.00    0.00   40.40
20时19分56秒    1    1.00    7.00   92.00    0.00    0.00    0.00    0.00    0.00    0.00
20时19分57秒    1   11.88    2.97   44.55    0.00    0.00    0.00    0.00    0.00   40.59
20时19分58秒    1    6.06    0.00    3.03    0.00    0.00    0.00    0.00    0.00   90.91
20时19分59秒    1    1.00    3.00   47.00    0.00    0.00    0.00    0.00    0.00   49.00
20时20分00秒    1    1.00    2.00   51.00    0.00    0.00    0.00    0.00    0.00   46.00
20时20分01秒    1    1.00    0.00    2.00    1.00    0.00    0.00    0.00    0.00   96.00
20时20分02秒    1   19.61    0.00    9.80    2.94    0.00    0.00    0.00    0.00   67.65
20时20分03秒    1    6.12    3.06   39.80    0.00    0.00    0.00    0.00    0.00   51.02
20时20分04秒    1    1.98    3.96   58.42    0.00    0.00    0.00    0.00    0.00   35.64
20时20分05秒    1   19.00    0.00    3.00    0.00    0.00    0.00    0.00    0.00   78.00
20时20分06秒    1    4.90    2.94   31.37    1.96    0.00    0.98    0.00    0.00   57.84
20时20分07秒    1    0.00    5.05   62.63    0.00    0.00    0.00    0.00    0.00   32.32
20时20分08秒    1    8.00    0.00    2.00    1.00    0.00    0.00    0.00    0.00   89.00
20时20分09秒    1   12.00    0.00    4.00    0.00    0.00    0.00    0.00    0.00   84.00
20时20分10秒    1    3.03    4.04   50.51    0.00    0.00    0.00    0.00    0.00   42.42
20时20分11秒    1    1.96    3.92   68.63    0.00    0.00    0.00    0.00    0.00   25.49
20时20分12秒    1    7.07    0.00    2.02    0.00    0.00    0.00    0.00    0.00   90.91
20时20分13秒    1    9.00    0.00    5.00    0.00    0.00    0.00    0.00    0.00   86.00
20时20分14秒    1    2.94    4.90   57.84    0.98    0.00    0.00    0.00    0.00   33.33
20时20分15秒    1    2.02    5.05   75.76    0.00    0.00    0.00    0.00    0.00   17.17
20时20分16秒    1    5.94    0.00    1.98    0.99    0.00    0.00    0.00    0.00   91.09
20时20分17秒    1   11.11    0.00    3.03    0.00    0.00    0.00    0.00    0.00   85.86
20时20分18秒    1   10.10    1.01   15.15    1.01    0.00    0.00    0.00    0.00   72.73
20时20分19秒    1    0.00    4.95   93.07    0.00    0.00    0.00    0.00    0.00    1.98
20时20分20秒    1    0.98    6.86   90.20    0.00    0.00    0.00    0.00    0.00    1.96
20时20分21秒    1    0.00    6.00   84.00    0.00    0.00    0.00    0.00    0.00   10.00
20时20分22秒    1    8.82    0.98   12.75    0.98    0.00    0.98    0.00    0.00   75.49
20时20分23秒    1    0.00    9.09   86.87    0.00    0.00    0.00    0.00    0.00    4.04
20时20分24秒    1    1.00    5.00   82.00    0.00    0.00    0.00    0.00    0.00   12.00
20时20分25秒    1    1.01    5.05   83.84    0.00    0.00    0.00    0.00    0.00   10.10
20时20分26秒    1    5.88    0.98    3.92    1.96    0.00    0.00    0.00    0.00   87.25
20时20分27秒    1    1.00    7.00   90.00    0.00    2.00    0.00    0.00    0.00    0.00
20时20分28秒    1    1.98    0.00    1.98    0.00    1.98    0.00    0.00    0.00   94.06
20时20分29秒    1    0.00    5.05   91.92    0.00    1.01    0.00    0.00    0.00    2.02
20时20分30秒    1    3.03    3.03   46.46   30.30    0.00    0.00    0.00    0.00   17.17
20时20分31秒    1    6.06    3.03   75.76    0.00    0.00    0.00    0.00    0.00   15.15
20时20分32秒    1    0.98    5.88   92.16    0.00    0.00    0.98    0.00    0.00    0.00
20时20分33秒    1    3.00    0.00   11.00    1.00    0.00    0.00    0.00    0.00   85.00
20时20分34秒    1    3.96    0.00    2.97    0.99    0.00    0.00    0.00    0.00   92.08
20时20分35秒    1   10.10    0.00    3.03    0.00    0.00    0.00    0.00    0.00   86.87
20时20分36秒    1    0.00    5.00   87.00    0.00    0.00    0.00    0.00    0.00    8.00
20时20分37秒    1    0.00    4.00   46.00    0.00    0.00    0.00    0.00    0.00   50.00
20时20分38秒    1    0.00    5.94   93.07    0.00    0.00    0.00    0.00    0.00    0.99
20时20分39秒    1    0.00    3.96   95.05    0.00    0.00    0.00    0.00    0.00    0.99
20时20分40秒    1    2.00    1.00   28.00    0.00    0.00    0.00    0.00    0.00   69.00
20时20分41秒    1    0.00    5.00   94.00    0.00    0.00    0.00    0.00    0.00    1.00
20时20分42秒    1    0.00    1.01   24.24    0.00    0.00    0.00    0.00    0.00   74.75
20时20分43秒    1    0.99    2.97   56.44    0.00    0.00    0.00    0.00    0.00   39.60
20时20分44秒    1    0.00    4.95   94.06    0.00    0.00    0.00    0.00    0.00    0.99
20时20分45秒    1    0.00    1.02   50.00    0.00    0.00    0.00    0.00    0.00   48.98
20时20分46秒    1    0.98    5.88   92.16    0.00    0.00    0.00    0.00    0.00    0.98
20时20分47秒    1    0.00    3.03   48.48    0.00    0.00    0.00    0.00    0.00   48.48
20时20分48秒    1    1.00    1.00   33.00    0.00    0.00    0.00    0.00    0.00   65.00
20时20分49秒    1    0.99    0.99   13.86    0.99    0.00    0.00    0.00    0.00   83.17
20时20分50秒    1    0.00    2.00   36.00    1.00    0.00    0.00    0.00    0.00   61.00
20时20分51秒    1    1.00    0.00   14.00    0.00    0.00    0.00    0.00    0.00   85.00
20时20分52秒    1    0.00    5.00   95.00    0.00    0.00    0.00    0.00    0.00    0.00
20时20分53秒    1    0.99    1.98   53.47    0.00    0.00    0.00    0.00    0.00   43.56
20时20分54秒    1    1.00    3.00   54.00    0.00    0.00    0.00    0.00    0.00   42.00
20时20分55秒    1    1.00    2.00   47.00    1.00    0.00    0.00    0.00    0.00   49.00
20时20分56秒    1    1.01    3.03   46.46    0.00    0.00    0.00    0.00    0.00   49.49
20时20分57秒    1    1.00    2.00   49.00    1.00    0.00    0.00    0.00    0.00   47.00
20时20分58秒    1    0.99    4.95   94.06    0.00    0.00    0.00    0.00    0.00    0.00
20时20分59秒    1    1.00    0.00    5.00    1.00    0.00    1.00    0.00    0.00   92.00
20时21分00秒    1    1.01    2.02   45.45    0.00    0.00    0.00    0.00    0.00   51.52
20时21分01秒    1    0.99    2.97   52.48    0.00    0.00    0.00    0.00    0.00   43.56
20时21分02秒    1    1.01    2.02   42.42    1.01    0.00    0.00    0.00    0.00   53.54
20时21分03秒    1    0.99    4.95   94.06    0.00    0.00    0.00    0.00    0.00    0.00
20时21分04秒    1    0.99    2.97   56.44    0.99    0.00    0.00    0.00    0.00   38.61
20时21分05秒    1    1.01    3.03   63.64    0.00    0.00    0.00    0.00    0.00   32.32
20时21分06秒    1    0.00    6.06   93.94    0.00    0.00    0.00    0.00    0.00    0.00
20时21分07秒    1    0.00    6.00   94.00    0.00    0.00    0.00    0.00    0.00    0.00
20时21分08秒    1    3.00    3.00   65.00    0.00    0.00    0.00    0.00    0.00   29.00
20时21分09秒    1    9.00    0.00    3.00    0.00    0.00    0.00    0.00    0.00   88.00
20时21分10秒    1    6.93    0.99   30.69    0.00    0.99    0.00    0.00    0.00   60.40
20时21分11秒    1    0.00    5.94   93.07    0.00    0.00    0.99    0.00    0.00    0.00
20时21分12秒    1    1.00    4.00   95.00    0.00    0.00    0.00    0.00    0.00    0.00
20时21分13秒    1    1.00    3.00   70.00    0.00    0.00    0.00    0.00    0.00   26.00
20时21分14秒    1    3.00    0.00    3.00    1.00    0.00    0.00    0.00    0.00   93.00
20时21分15秒    1    2.97    0.00    1.98    0.99    0.00    0.00    0.00    0.00   94.06
20时21分16秒    1    2.02    1.01   22.22    0.00    0.00    0.00    0.00    0.00   74.75
20时21分17秒    1    0.00    4.95   94.06    0.00    0.00    0.00    0.00    0.00    0.99
20时21分18秒    1    1.01    4.04   76.77    0.00    0.00    0.00    0.00    0.00   18.18
20时21分19秒    1    2.00    2.00   44.00    0.00    0.00    0.00    0.00    0.00   52.00
20时21分20秒    1    1.00    4.00   80.00    0.00    0.00    0.00    0.00    0.00   15.00
20时21分21秒    1    3.96    0.99   14.85    0.00    0.00    0.00    0.00    0.00   80.20
20时21分22秒    1    0.00    5.05   83.84    0.00    0.00    0.00    0.00    0.00   11.11
20时21分23秒    1    2.97    0.99   11.88    0.99    0.00    0.00    0.00    0.00   83.17
20时21分24秒    1    1.00    4.00   87.00    0.00    0.00    0.00    0.00    0.00    8.00
20时21分25秒    1   14.00    0.00   10.00    0.00    0.00    0.00    0.00    0.00   76.00
20时21分26秒    1    0.99    5.94   92.08    0.00    0.00    0.00    0.00    0.00    0.99
20时21分27秒    1    0.00    5.05   94.95    0.00    0.00    0.00    0.00    0.00    0.00
20时21分28秒    1    0.99    4.95   93.07    0.00    0.00    0.00    0.00    0.00    0.99
20时21分29秒    1    1.01    2.02   33.33    5.05    0.00    0.00    0.00    0.00   58.59
20时21分30秒    1    1.00    4.00   91.00    0.00    0.00    0.00    0.00    0.00    4.00
20时21分31秒    1    0.99    3.96   94.06    0.00    0.00    0.00    0.00    0.00    0.99
20时21分32秒    1    0.00    5.05   94.95    0.00    0.00    0.00    0.00    0.00    0.00
20时21分33秒    1    8.00    0.00    6.00    1.00    0.00    0.00    0.00    0.00   85.00
20时21分34秒    1   27.72    0.00    4.95    5.94    0.00    0.99    0.00    0.00   60.40
20时21分35秒    1    1.00    6.00   87.00    0.00    0.00    0.00    0.00    0.00    6.00
20时21分36秒    1    1.01    6.06   92.93    0.00    0.00    0.00    0.00    0.00    0.00
20时21分37秒    1   12.87    0.99   13.86    0.99    0.00    0.00    0.00    0.00   71.29
20时21分38秒    1    2.00    4.00   84.00    0.00    0.00    0.00    0.00    0.00   10.00
20时21分39秒    1    9.00    1.00   15.00    0.00    0.00    0.00    0.00    0.00   75.00
20时21分40秒    1    4.90    3.92   62.75    0.00    0.00    0.00    0.00    0.00   28.43
20时21分41秒    1    0.00    5.05   77.78    0.00    0.00    0.00    0.00    0.00   17.17
20时21分42秒    1    2.04    0.00   22.45    0.00    0.00    0.00    0.00    0.00   75.51
20时21分43秒    1    0.98    4.90   75.49    0.98    0.00    0.00    0.00    0.00   17.65
20时21分44秒    1    0.00    6.93   86.14    0.00    3.96    0.99    0.00    0.00    1.98
20时21分45秒    1    0.00    3.92   92.16    0.00    1.96    0.00    0.00    0.00    1.96
20时21分46秒    1    5.00    2.00   23.00    0.00    1.00    0.00    0.00    0.00   69.00
20时21分47秒    1    3.03    0.00    2.02    0.00    0.00    0.00    0.00    0.00   94.95
20时21分48秒    1    3.03    0.00    2.02    1.01    0.00    0.00    0.00    0.00   93.94
20时21分49秒    1    9.00    0.00    3.00    0.00    0.00    0.00    0.00    0.00   88.00
20时21分50秒    1    1.98    4.95   64.36    0.00    0.00    0.00    0.00    0.00   28.71
20时21分51秒    1    2.02    1.01   31.31    0.00    0.00    0.00    0.00    0.00   65.66
20时21分52秒    1    2.97    0.00    1.98    0.99    0.00    0.00    0.00    0.00   94.06
20时21分53秒    1    1.98    0.99    1.98    1.98    0.00    0.00    0.00    0.00   93.07
20时21分54秒    1    1.01    4.04   57.58    0.00    0.00    0.00    0.00    0.00   37.37
20时21分55秒    1    3.00    3.00   37.00    0.00    0.00    0.00    0.00    0.00   57.00
20时21分56秒    1    2.97    2.97   56.44    0.00    0.00    0.00    0.00    0.00   37.62
20时21分57秒    1    2.04    1.02   42.86    1.02    0.00    0.00    0.00    0.00   53.06
20时21分58秒    1    6.86    3.92   52.94    0.98    0.00    0.00    0.00    0.00   35.29
20时21分59秒    1    1.01    5.05   93.94    0.00    0.00    0.00    0.00    0.00    0.00
20时22分00秒    1    1.00    4.00   45.00    1.00    0.00    0.00    0.00    0.00   49.00
20时22分01秒    1    6.00    5.00   49.00    0.00    0.00    0.00    0.00    0.00   40.00
20时22分02秒    1    1.00    7.00   92.00    0.00    0.00    0.00    0.00    0.00    0.00
20时22分03秒    1    0.00    8.08   91.92    0.00    0.00    0.00    0.00    0.00    0.00
20时22分04秒    1    0.98    6.86   87.25    0.00    0.00    0.98    0.00    0.00    3.92
20时22分05秒    1    0.00    7.07   91.92    0.00    0.00    0.00    0.00    0.00    1.01
20时22分06秒    1    0.99    7.92   91.09    0.00    0.00    0.00    0.00    0.00    0.00
20时22分07秒    1    0.99    8.91   89.11    0.00    0.00    0.00    0.00    0.00    0.99
20时22分08秒    1    0.00    6.12   93.88    0.00    0.00    0.00    0.00    0.00    0.00
20时22分09秒    1    0.99    3.96   58.42    1.98    0.00    0.00    0.00    0.00   34.65
20时22分10秒    1    2.00    2.00   14.00    0.00    0.00    0.00    0.00    0.00   82.00
20时22分11秒    1    2.97    0.99    2.97    0.00    0.00    0.00    0.00    0.00   93.07
20时22分12秒    1    3.03    0.00   13.13    0.00    0.00    0.00    0.00    0.00   83.84
20时22分13秒    1    6.00    1.00    3.00    2.00    0.00    0.00    0.00    0.00   88.00
20时22分14秒    1    8.91    0.00    1.98    0.00    0.00    0.00    0.00    0.00   89.11
20时22分15秒    1    9.80    1.96   15.69    0.98    0.00    0.00    0.00    0.00   71.57
20时22分16秒    1    5.05    0.00    3.03    1.01    0.00    0.00    0.00    0.00   90.91
20时22分17秒    1    7.00    0.00    2.00    0.00    0.00    0.00    0.00    0.00   91.00
20时22分18秒    1    5.94    0.00    1.98    0.00    0.00    0.00    0.00    0.00   92.08
20时22分19秒    1   11.88    0.00    5.94    0.99    0.00    0.00    0.00    0.00   81.19
20时22分20秒    1    3.06    3.06   27.55    0.00    0.00    0.00    0.00    0.00   66.33
20时22分21秒    1    0.99    6.93   92.08    0.00    0.00    0.00    0.00    0.00    0.00
20时22分22秒    1    1.00    6.00   92.00    0.00    0.00    0.00    0.00    0.00    1.00
20时22分23秒    1    0.98    7.84   90.20    0.00    0.00    0.98    0.00    0.00    0.00
20时22分24秒    1    3.03    7.07   79.80    0.00    0.00    0.00    0.00    0.00   10.10
20时22分25秒    1    7.00    0.00    3.00    0.00    0.00    0.00    0.00    0.00   90.00
20时22分26秒    1   17.82    0.00    3.96    0.99    0.00    0.00    0.00    0.00   77.23
20时22分27秒    1    4.95    0.99    9.90    0.00    0.00    0.00    0.00    0.00   84.16
20时22分28秒    1   13.13    0.00    9.09    0.00    0.00    0.00    0.00    0.00   77.78
20时22分29秒    1    6.00    0.00    2.00    1.00    0.00    0.00    0.00    0.00   91.00
20时22分30秒    1    7.00    0.00    6.00    1.00    0.00    0.00    0.00    0.00   86.00
20时22分31秒    1   12.00    0.00    4.00    0.00    0.00    0.00    0.00    0.00   84.00
20时22分32秒    1    8.91    0.00    2.97    0.00    0.00    0.00    0.00    0.00   88.12
20时22分33秒    1    1.00    7.00   80.00    0.00    0.00    0.00    0.00    0.00   12.00
20时22分34秒    1    8.91    0.99   11.88    0.00    0.00    0.00    0.00    0.00   78.22
20时22分35秒    1   15.00    0.00   14.00    0.00    0.00    0.00    0.00    0.00   71.00
20时22分36秒    1    0.00    8.08   88.89    0.00    0.00    0.00    0.00    0.00    3.03
20时22分37秒    1    7.00    3.00   56.00    0.00    0.00    0.00    0.00    0.00   34.00
20时22分38秒    1    1.01    4.04   72.73    0.00    0.00    0.00    0.00    0.00   22.22
20时22分39秒    1    1.00    6.00   84.00    0.00    0.00    0.00    0.00    0.00    9.00
20时22分40秒    1    2.00    7.00   91.00    0.00    0.00    0.00    0.00    0.00    0.00
20时22分41秒    1    0.98    5.88   81.37    0.00    0.00    0.98    0.00    0.00   10.78
20时22分42秒    1    0.00    5.00   94.00    0.00    0.00    0.00    0.00    0.00    1.00
20时22分43秒    1    0.00    6.00   93.00    0.00    0.00    0.00    0.00    0.00    1.00
20时22分44秒    1    0.00    6.93   82.18    0.00    0.00    0.00    0.00    0.00   10.89
20时22分45秒    1    0.00    5.00   88.00    0.00    0.00    0.00    0.00    0.00    7.00
20时22分46秒    1    0.00    9.00   90.00    0.00    0.00    0.00    0.00    0.00    1.00
20时22分47秒    1    1.00    6.00   92.00    0.00    0.00    0.00    0.00    0.00    1.00
20时22分48秒    1    1.00    7.00   92.00    0.00    0.00    0.00    0.00    0.00    0.00
20时22分49秒    1    0.00    8.00   92.00    0.00    0.00    0.00    0.00    0.00    0.00
20时22分50秒    1    6.93    0.99   26.73    0.00    0.00    0.00    0.00    0.00   65.35
20时22分51秒    1    7.00    1.00    6.00    0.00    0.00    0.00    0.00    0.00   86.00
20时22分52秒    1    6.00    0.00    2.00    0.00    0.00    0.00    0.00    0.00   92.00
20时22分53秒    1    6.93    0.00    7.92    1.98    0.00    0.00    0.00    0.00   83.17
20时22分54秒    1    2.00    4.00   62.00    0.00    0.00    0.00    0.00    0.00   32.00
20时22分55秒    1    1.01    6.06   87.88    0.00    0.00    0.00    0.00    0.00    5.05
20时22分56秒    1    1.98    6.93   90.10    0.00    0.00    0.00    0.00    0.00    0.99
20时22分57秒    1    1.00    6.00   87.00    0.00    0.00    0.00    0.00    0.00    6.00
20时22分58秒    1    0.00    6.93   92.08    0.00    0.00    0.00    0.00    0.00    0.99
20时22分59秒    1    0.00    6.00   89.00    0.00    0.00    0.00    0.00    0.00    5.00
20时23分00秒    1    5.00    3.00   40.00    0.00    0.00    0.00    0.00    0.00   52.00
20时23分01秒    1    4.95    0.99   10.89    0.00    0.00    0.00    0.00    0.00   83.17
20时23分02秒    1    1.98    3.96   48.51    0.00    0.00    0.00    0.00    0.00   45.54
20时23分03秒    1    0.00    6.00   93.00    0.00    0.00    0.00    0.00    0.00    1.00
20时23分04秒    1    0.00    6.00   93.00    0.00    0.00    0.00    0.00    0.00    1.00
20时23分05秒    1    0.00    7.00   77.00    0.00    0.00    0.00    0.00    0.00   16.00
20时23分06秒    1    0.00    7.00   92.00    0.00    0.00    0.00    0.00    0.00    1.00
20时23分07秒    1    0.00    6.93   92.08    0.00    0.00    0.00    0.00    0.00    0.99
20时23分08秒    1    0.00    6.93   92.08    0.00    0.00    0.99    0.00    0.00    0.00
20时23分09秒    1    0.00    6.06   78.79    4.04    0.00    0.00    0.00    0.00   11.11
20时23分10秒    1    0.99    5.94   91.09    0.00    0.00    0.00    0.00    0.00    1.98
20时23分11秒    1    0.00    4.95   94.06    0.00    0.00    0.00    0.00    0.00    0.99
20时23分12秒    1    0.00    7.00   92.00    0.00    0.00    0.00    0.00    0.00    1.00
20时23分13秒    1    2.00    7.00   68.00    0.00    0.00    0.00    0.00    0.00   23.00
20时23分14秒    1    6.00    0.00    3.00   14.00    0.00    1.00    0.00    0.00   76.00
20时23分15秒    1    8.00    0.00    2.00    0.00    0.00    0.00    0.00    0.00   90.00
20时23分16秒    1    8.00    0.00    2.00    1.00    0.00    0.00    0.00    0.00   89.00
20时23分17秒    1    1.00    2.00   29.00    0.00    0.00    0.00    0.00    0.00   68.00
20时23分18秒    1    0.00    6.06   83.84    0.00    0.00    0.00    0.00    0.00   10.10
20时23分19秒    1    1.96    1.96   26.47    0.98    0.00    0.00    0.00    0.00   68.63
20时23分20秒    1    1.00    6.00   92.00    0.00    0.00    0.00    0.00    0.00    1.00
平均时间:    1    3.23    3.32   54.02    0.48    0.05    0.06    0.00    0.00   38.83
